99
2525 1
2400 5
300 2
120 60
60 90
273474490 1
142987720 4306
693669307 1
614142739 8759
191179949 1
146479791 199
2 1
1 10000
410562769 1
358488858 3615
661918234 1
84707621 8727
589673895 1
384271840 5758
642640815 1
548358046 4781
107328927 1
91941437 7355
874177633 1
278432707 7162
394071601 1
72621202 4182
992808457 1
746393608 9807
623468533 1
28621564 3951
85054904 1
74197505 7120
805354257 1
9523986 7427
687850874 1
338971045 3272
501555821 1
50866339 3901
187843792 1
109034104 6411
658378076 1
564502282 525
751173804 1
748559065 9730
936852620 1
699119033 2764
169354875 1
83356157 9249
560682446 1
414243575 5044
123116918 1
28425321 1779
1000000000 2
12345676 2
12345675 3
339466897 1
52061770 5874
268549619 1
72388822 3178
100481651 1
83910507 5230
1000000000 1
1 1
729034539 1
666634696 3546
598056975 1
525208484 4985
137260163 1
131151859 7071
908323871 1
638785916 5097
36795882 1
10640178 4911
381209417 1
46606361 7148
656447992 1
597495216 5097
638227895 1
345295602 5541
200000 2
5000 10
5001 1
131361237 1
29146789 2329
1000000000 2
2 2
1 3
12618609 1
5585202 9031
1000000000 1
999999999 10000
1000000000 2
998000000 10000
999000000 10000
755799371 1
669305072 728
1000000000 1
1 10000
720036301 1
557778630 1252
359633474 1
82469074 7551
646310656 2
305916368 1685
482658065 8972
87785226 1
23670719 325
830424574 1
763429319 5119
449948248 1
291322165 1489
1000000000 2
999999997 3
999999998 2
309243806 1
200949490 7915
1000000000 2
200 10000
100 10000
252217937 1
238668642 1601
96408544 1
30733890 6040
634935086 1
238971577 2770
1000000000 2
999999997 2
999999996 3
598938210 1
395874623 3780
1000000000 2
999999999 2
999999998 3
506472016 1
157375363 8293
976749985 1
62124139 269
798527879 1
769928089 3602
129016268 1
71902102 9557
668388594 1
353108135 210
941508946 1
344491560 546
39133239 1
23516529 2949
798246857 1
607537199 117
602083872 1
124536948 9547
918110349 1
469679663 7590
372618626 1
66771527 8597
326355629 1
208325667 7570
8415976 1
2224529 3337
234426826 1
95579450 4193
556990576 1
177150563 3900
832448555 1
625202080 3586
764118958 1
321277248 1582
535590674 1
267759003 58
479534041 1
235304834 8986
441870347 1
178570514 4889
630747714 1
617592960 2415
199909687 1
149886563 9457
591980036 1
1350248 1330
491529682 1
440814059 8604
2 1
1 1
84128653 1
42712445 2181
519821594 1
430266918 7942
1000000000 2
998000000 1
999000000 1
572258136 1
369379405 1736
775471123 2
629448018 3053
263027105 7383
1000000000 1
999999999 1
961113291 1
815218349 1216
787219121 1
53534097 3364
929052682 1
613416175 7834
169041292 1
55201557 6477
49748262 1
15969076 8200
914771494 1
81196918 3202
