100
4 2
5 2
6 2
1000 1000
1000 1
1000 999
3 2
368 289
500 256
413 372
500 245
607 467
451 391
287 253
891 755
4 1
500 499
954 775
1000 255
1000 127
999 490
500 2
599 507
846 816
2 2
1000 488
999 255
630 575
687 663
1000 489
768 759
999 511
1000 500
1000 256
324 269
1000 512
899 843
3 1
999 999
846 797
500 117
510 476
1000 447
416 336
500 244
999 512
909 744
999 128
578 458
500 255
1000 498
999 1
999 127
500 500
999 497
260 234
585 493
457 357
405 398
927 916
1000 128
497 486
500 250
567 543
322 243
629 578
999 488
999 998
500 116
500 248
500 127
949 933
418 417
2 1
999 416
981 975
781 599
500 128
999 499
912 815
500 171
1000 511
999 2
1000 499
999 256
999 498
591 576
1000 2
688 537
507 421
852 775
964 783
384 373
500 1
814 630
1 1
409 315
5 1
500 249
999 487
