100
4 2
5 2
6 2
1000 1000
1000 1
1000000 1
876744 730325
999999 524287
3 1
4 1
1000000 127
1000000 2
981904 954172
3 2
894068 829665
999999 128
438244 352642
1000000 1000000
954361 798096
999999 999999
497648 392923
1 1
999999 499998
500000 127
500000 170197
500000 500000
500000 237857
500000 2
898969 853548
999999 499999
1000000 524287
304762 235919
999999 262143
5 1
761419 757353
602364 573176
999999 2
357455 313647
1000000 522859
927365 813407
801720 718671
500000 128
682674 675342
1000000 128
1000000 524288
1000000 999999
500000 131071
380189 340892
1000000 262144
999999 475711
710495 617768
999999 127
440330 368689
951758 767455
500000 499999
500000 1
311842 250071
1000000 437097
1000000 262143
500000 249999
540957 528314
1000000 499999
829840 680072
500000 249998
500000 237856
500000 131072
707572 672039
999999 999998
1000000 475712
966775 728619
428589 367011
999999 409599
500000 262144
998419 793849
934811 808036
500000 250000
350536 338168
999999 475712
533232 406680
999999 479441
728984 587324
1000000 500000
1000000 475713
999999 262144
268578 231577
1000000 499998
915955 794155
500000 262143
2 1
998292 982402
649320 530713
457849 354868
999999 499997
344991 334930
500000 261235
498135 491096
742002 638050
999999 524288
999999 1
2 2
