100
100 1
100
10 3
20 3 15
343615 5
94933 592563 251449 426323 917907
946453 5
316999 68893 195585 70490 206646
599975 2
956753 887609
3 4
2 2 2 4
730707 1
216560
4 5
350 242 266 19 196
846559 5
250495 713957 239347 337901 52192
817624 1
718629
993752 5
33156 172471 65691 63689 222614
516049 5
772851 633047 572334 260398 158095
1000000 5
748845 429976 389232 347507 837140
572309 1
791466
1 5
1 2 1 2 2
1 5
1000000 1000000 1000000 1000000 1000000
587590 4
855218 854880 484377 255656
907821 1
755924
12495 5
732003 526140 784017 73237 484895
698021 1
581206
3 3
1 1 100
859131 5
175136 61280 452934 58623 16008
1000000 1
1000000
468967 5
176512 337743 134057 333972 71182
1000000 5
1000000 1000000 1000000 1000000 1000000
2 5
2 1 3 4 3
61767 5
771345 608783 502307 290010 235590
295942 3
399233 203365 217625
833374 5
888289 488886 354891 345708 14370
2 5
4 3 4 1 3
492764 5
80682 236500 388437 766256 883440
676908 3
482679 955946 959515
376453 5
883488 438377 219191 101765 77452
248059 4
250519 309498 962016 489865
871592 2
540529 380436
675635 4
744511 154319 129189 850807
226042 2
849382 467275
1000000 5
1 1 1 1 1
3 4
2 2 2 3
144587 3
224575 80836 855417
1 5
284030 277427 874325 307756 13404
5 5
195 129 66 304 270
1 5
1 3 3 1 4
337825 5
8786 210936 343789 419455 978081
180337 3
753487 305898 429296
3 5
3 1 1 1 1
5 5
236 98 221 349 4
975122 2
419697 306529
2 4
2 2 2 6
1000000 5
541868 789808 843866 753620 30533
898195 5
576244 820656 32167 963778 898653
625673 4
311302 716008 517780 813196
931333 2
812655 876245
826647 5
807092 156949 77478 878061 700779
447810 5
162368 369507 254172 181026 121449
1000000 5
455846 94428 782402 796653 959074
501895 1
666872
117891 4
402 271414 577804 74844
4 5
355 252 344 48 134
11 5
5 5 5 5 10
10 5
5 5 5 5 10
421511 4
27627 52473 899878 517492
948321 5
196760 393425 219571 373353 131249
2 5
1 1 1 1 1
116015 2
268579 309322
1000000 5
500780 931073 791946 746695 641109
430436 2
359207 571958
750976 5
734480 554618 477972 405874 358898
51295 5
216700 856796 167621 173453 260757
1 5
1 1 1 1 1
133792 5
237584 336470 555861 674983 896015
11 5
10 5 5 5 5
876437 1
87407
87261 3
658833 757898 459030
53688 4
347311 936297 996362 781569
530559 5
841716 839384 791421 996034 968572
259502 4
411651 904422 448195 162626
763431 5
367561 771523 341235 958756 754749
899238 2
921684 922150
543026 5
732608 144038 803423 882007 302132
2 5
71 106 253 97 254
274437 2
54934 918780
733440 5
227590 295968 596735 776838 829026
1000000 1
999999
689964 4
115820 413977 26971 664338
1000000 5
398432 84427 118909 552968 860241
609337 3
391483 331391 325344
787049 5
954851 115015 195663 459888 58517
440996 4
519069 74226 493469 418946
925623 4
943562 74442 195462 765811
951433 1
791389
821402 5
188694 205005 272660 715069 877418
381284 2
959614 319901
788883 2
422927 184455
873367 5
81335 190125 370476 40409 199240
596153 5
821383 175968 802469 453554 106297
962754 4
674703 896344 530400 407754
655222 1
194479
729238 5
670445 68354 743608 75085 930413
2 5
2 6 5 2 9
