100
5
17022714 115599806 39991412 378849981 819989902
713409604 64938287 884506257 615381881 363801044
5
831814078 633263720 271208001 398245043 188722256
344387778 572575157 821403921 841871842 585666334
5
386020952 704136304 579022914 969275497 34432606
56529020 652323305 260524810 561900153 438529203
5
735898890 378310313 93706486 407608636 643641363
343838465 10710758 158092632 955845376 206658663
5
712739448 610399603 509666817 152911218 41585963
862859381 735764527 934935450 962795749 685256486
5
919275669 417471783 607861762 75141050 521410448
132996393 414450490 923322514 694894184 692168135
5
624101355 538266111 965305969 882389970 599687168
594067465 101245828 992017763 904155069 749787788
5
662319509 615081199 863288708 3113805 770353495
448838218 79791292 75459312 938429757 377040604
5
375829644 223043976 296378687 912232587 125112189
433151577 754139956 316750461 556503674 555873950
5
778740023 624628122 601235301 86332749 867397819
983002492 371238504 781144142 755153054 65692673
5
25137305 476416552 903136594 274025697 973597810
118585716 670274812 577740388 803480281 46786474
5
794823021 443957772 697178554 779165693 844736336
788191518 439453135 107745479 637710035 879205512
5
299562125 299409051 145299912 85625272 702793988
998720330 954639467 556416520 704103647 831260120
5
195472080 292277936 612300771 758509444 74725038
825346285 403079674 642680497 128573105 628113148
2
14898625 14898625
705425986 705425986
5
317905179 479470021 524464652 477605523 445066214
99373143 803685250 603194373 775226046 666327778
5
811013507 652039834 613114018 731261328 923667609
843063744 616260279 938289715 506511070 260823878
5
590553711 2603997 681610323 790820789 271751156
999072715 175055085 474400290 420970326 889852383
5
798034455 677864401 129052847 466057756 35764408
36954768 31953579 605556942 347521992 872919802
5
269860097 37143822 413479770 19093546 132914438
567286074 719288615 248808661 671039370 834420988
5
954521278 323444636 268157262 358740880 510849575
828704128 398479049 873139541 47322954 55993567
5
951890168 229938969 695082446 220686798 797588128
501068208 824948583 179028095 907810909 998908034
5
63540977 282373091 736608456 703932997 741428872
231891714 583648714 751487283 565095561 515196304
5
645753408 805246773 286249882 40880701 677046198
272388235 770050275 262484698 132861543 629568454
5
181745418 179608396 334194578 984341079 96173206
806492426 836375486 625954823 499936910 390391135
5
769904633 170353403 533372205 2252913 326815667
63770403 50909437 881131374 994991769 5235105
5
641751799 148511327 145343711 672440940 297704019
906580259 925320492 558849553 368038863 887479226
5
766686176 23025079 324535847 453128933 532345268
220008469 794291084 564630340 254134162 313885764
5
818467123 739732058 417674645 9841096 55127544
230504349 352877877 307770783 613292110 765136628
5
785158960 233919125 75176190 218469146 406862047
175855637 239581727 581587825 430207467 825098962
5
807206498 655077342 257007469 558803735 745634849
663035981 294063231 278469454 146377469 212453805
5
306804110 176377670 84908807 326661783 338997480
621526211 217556433 791327266 361751405 783856719
5
679048068 792113762 663787708 88015130 100039819
838839125 908987036 339712559 884474505 885603257
5
179386803 647662919 546514671 962344045 406328438
17761779 46013541 867518995 230894838 433403139
5
919537797 657129436 769030598 887965487 964640323
464532691 718346086 118800336 351512010 284026155
5
82821309 645137508 101323837 47827336 920244426
750980399 932034526 603750885 395857422 848828812
5
484550787 143325069 424276669 290114005 977456555
587901183 664159182 477519646 261134099 386287210
5
432063191 69002293 791725027 40970956 251795809
46204319 717217790 116653771 108098781 649492412
5
288758610 44740163 750234256 584120861 16881601
133973978 793314795 510370532 334011936 360304821
5
758785069 124296867 457237925 846611662 588687754
581496480 13861647 270830427 414561501 676941615
5
31814501 20542064 96572774 212728464 778221236
112791054 194014239 543221864 618560034 483471386
5
698705261 381750138 111054073 66403526 11675998
65040533 198884531 780781161 73398117 325248315
5
78819340 281004805 710777972 461619565 2982193
609532145 617085450 98827125 593167941 61306732
5
882096612 857777695 856514488 712319574 702055285
430170401 975087404 833172836 252028698 557650524
5
330778447 58235972 614949597 276842599 457194937
415876705 610866245 256588998 547670215 85294369
5
176203139 280087799 345836675 80204266 808451771
442410887 199072893 813460003 348089588 259536284
5
233530552 559982198 198133487 217519291 134270677
513313782 92366348 607866994 152301516 177982372
5
213408731 6225087 414063241 357880164 889155832
49115727 138574831 944190148 832692316 956950002
5
126004026 309683386 670163448 669470908 270742923
842559693 983781721 18714226 234999373 371526192
5
815063983 7900481 827313173 149055070 661086815
483486742 274315 375033710 804437116 371233942
5
333524306 802113717 446346428 165742333 553533705
591741284 675185801 147965594 617702032 212802539
5
109995345 266302354 556388507 130360888 469253707
611505807 669977542 464435840 773907797 117147916
5
567334181 601906416 347668701 502514926 754113465
691467099 899320553 978887419 825274223 800097491
5
359317608 402560227 146533560 104807225 977813602
282980575 23225094 832750015 317857328 504714168
5
630597891 860527345 438208144 718564785 197310336
437933830 491014724 540356869 587263213 379651599
5
845166018 449428518 359148487 257559601 815327443
581311644 846193696 447288580 884105778 555263619
5
507276647 113338699 98775880 541137020 267559066
662610814 789649738 849947154 802708876 135082243
5
544308640 642658470 505850731 234516070 617027086
888013817 622349018 808174208 745571583 120169800
5
910200215 78040379 165515739 239720853 33137379
137944303 765320563 759650701 956336527 363988360
5
566655653 619560815 38598568 382457856 373561921
248948831 679994351 718336694 432251939 650016922
5
899338717 53532280 121702109 101953839 427777056
72946497 436119855 581367614 776014662 967826166
5
136079523 709662095 518294760 531652737 363896910
438503469 603677073 572950802 373924916 154522583
5
491602000 849213218 106097026 294533586 948485125
967522195 497827087 115792810 316493541 36205770
5
651525234 101662943 278476881 49376637 426641859
690196003 261924836 611329759 431388098 90962600
5
48475873 115704034 534501971 865653338 109143451
29662314 605128529 694726947 356293819 752602296
5
584405284 47915574 916390100 575390469 984951064
344585134 474065457 461395343 935483646 560821259
5
90696419 731783924 735611071 943318832 387157215
670672784 58812576 771775335 114461051 615825086
5
243798646 274811869 927265968 862138891 946533676
640190704 897351670 544381526 485548732 92630498
5
885389286 488147322 617243807 513835408 461206280
46381370 542518721 109694271 357725645 330992083
5
969847741 355091243 350402562 516272335 869603705
230971204 934438135 355429770 579528190 455832179
5
164751789 883126589 895143842 520827399 438231413
836331267 896535712 471254011 690979025 907984613
5
778767685 112074042 147822176 229125629 87043493
752787104 119431358 729317849 514173936 690331908
5
298658702 908381650 294139234 7000624 610301559
486983416 598067753 53681561 379764505 709794611
5
273443542 285154600 47651479 316373754 756005105
367657129 745520709 323753167 282625687 689935675
5
594835813 798808290 461670900 729965061 543544317
5477476 304497907 169619401 993323636 93861970
5
109559942 185210332 514616877 124607592 222178873
315732347 343826432 296264404 433536754 988799941
5
56298500 683097742 777883772 696289635 276487969
374804098 201092787 147914864 536393215 771014672
5
271304577 663907487 430189789 171323769 547390592
77311913 11036634 81582131 292547236 226451312
5
502968046 792183549 66273509 552068573 960180116
815278109 826412681 60340810 425014388 62918148
5
792649896 444472688 458717845 280066141 194705809
170081639 846182175 566174796 413188035 707843196
5
669594259 80417985 122595764 929737657 17180527
329280970 566850773 683168592 559232977 799135609
5
990086225 653553025 269569658 705766412 377975256
423387484 287075265 112270869 549635798 900472221
5
685298474 739982130 303999669 153917753 126843573
884632545 618232810 715094245 86253677 23614632
5
719329244 513695380 561284443 626002535 72828605
38493280 48262147 269348325 835310139 599600344
5
504825444 92990792 122878790 542997859 992814599
405661000 573827736 884715819 16366097 647310019
5
445373979 283568694 410338227 370178801 215038287
965002893 238763453 894604096 886338115 410701161
5
769073803 520107738 469114192 975970753 958746956
720062129 504716743 267767931 989941590 266718518
5
129197865 720569799 121513030 158831820 553639414
259199546 110878088 287328496 896683675 484316292
5
116644583 350162145 519234163 977059229 220875200
408356075 689730733 324191526 530582334 383214994
5
750965520 592456412 338025876 4366085 470444120
994494801 464009216 30664555 56590660 201676420
5
217613584 129163872 714242346 922654294 472968120
35313314 9797132 47953733 266310919 735350761
5
750442555 888244728 188140202 718147489 187421291
118067417 926820224 973153535 514801984 909661321
5
318607974 858835797 47884797 101651678 107946730
999622651 832303353 272636591 673887331 26996634
5
205841044 634340382 770875761 889370001 801133719
717266622 741455137 264740505 467165395 18374321
5
362571 940873122 611035403 475999889 40522360
147026188 592818982 131415349 467917839 946444008
5
779044817 341661495 493335525 171355605 47060206
886679218 2088792 638040181 405568112 148984145
5
751533162 72649749 937965062 418629075 599069838
487380958 512431163 219305334 944965685 881446986
5
763162336 438052615 631232941 426109668 181364755
26104413 878866369 825070937 349402631 535253118
5
813958413 175088557 689088910 929598316 8240480
810222541 104527379 658837850 115198577 110963070
5
518374861 536781139 527835335 654312554 13355976
643365405 48755613 665833985 993893090 542593313
