100
2 1 2
3 2 2
1 100000 1
1 100000 2
100000 100000 100000
99999 99979 99971
99983 99989 99989
98765 100000 99979
98761 100000 99991
96762 100000 99991
42314 24944 66878
42704 69642 2934
18187 51927 61464
25426 95322 41648
12498 66757 15183
3688 89376 43070
59914 84105 99314
23352 88537 53753
4742 96013 64026
20670 93424 72345
95335 98503 11660
33160 94783 70204
81742 83565 77128
41408 94166 49062
69574 93431 79040
96777 99744 8712
25311 93678 87412
19747 92836 29146
11228 95749 34130
12080 93672 45448
64896 93385 5658
54462 94010 3651
8979 98171 26613
94530 96481 18536
60174 98724 70002
75766 95501 96274
69797 99735 74459
59092 94190 58978
21674 95667 36388
41151 98114 20619
97432 95828 93488
12556 94550 1962
98362 98009 85586
35836 96143 98788
18046 98428 2310
31728 99242 91239
22533 94208 37492
33994 97256 13650
24524 99850 28490
86866 98411 31148
26776 99873 63593
91420 96162 31308
22790 98461 13544
35091 99763 15534
24483 99347 46308
78944 94642 45622
4386 98802 89944
15118 99529 53388
26205 98284 5405
19964 97642 39938
79184 99413 77106
51608 99908 63802
83837 95729 44746
73737 99571 78141
60395 99469 41515
19064 99852 59142
37513 99081 14742
77529 99823 45099
65253 98251 65367
15380 98606 28170
5694 99579 35212
81387 95907 405
23978 99374 77957
80414 98832 85288
34860 98386 87237
62908 98668 16984
6838 99848 61608
98585 99088 94195
44121 99904 82926
24896 99565 67566
98312 10227 12289
92659 74580 13237
99682 84360 4334
78108 21351 39054
96644 99864 48322
96048 7881 6003
96105 76286 6407
87684 17138 29228
84772 57839 21193
92260 4810 9226
31422 82899 52370
15972 22962 73326
87486 63205 62490
63312 1841 63312
83320 82670 74988
27935 21045 92110
38227 90556 92837
39840 16041 66400
56586 98167 28293
59337 4714 39558
