100
972879696188207028
891085202255124386
918041791080065065
752305296241060711
777084510897562601
698860832350932393
854476770402243387
861015800023189591
948300581726932300
979166169485193713
686652797453648269
801732916184106564
102225107827131017
373148194349566077
238135879939973219
677791942942696038
618142084581340516
849368025877485013
648075022608536134
866235956121837072
167872982468003618
529316835105872503
270141287372296586
709652606857360071
402271177156239415
140317117210083339
710290854732479166
915102038822614439
956769197914850443
360810225644109540
380610479053154083
710144609247533963
559536176586593530
617637793501574159
366978505989285845
981741370525296562
178156894385436874
151298889772005251
140171506386947673
387740774075527569
489981499803522887
678021369787335314
785868686843625867
643471106058736797
644033301816788208
530209748877949603
132128297906222346
836212430945760386
940646313338042511
826213891602951136
810228718842691236
281501951986145541
524470939179051037
455191080856383528
636330901269252512
878965820977193417
617488341515297989
583185457493816405
719211784999131064
331868136528676169
338670946470824590
597700995915630346
255667442590488704
473828120081601046
248621002080785083
508887033342158470
119250258898109170
279678234865464952
974957109090075092
528840872425085042
807763558412204853
174576981050667894
496089572500455371
188735301096703214
305270871450621302
231124922702429886
439080159694090273
781733694611552598
132954872270485193
989616346015745789
367945158558332308
157868780183399012
958381589086119496
795055056805310219
911052636338363645
623598677757552125
171931917753168027
731249381362094803
755586542201941939
292090529816195656
181100063737846642
663719309652713765
751220456542043043
986308067168451887
486954342195894077
311798772818469710
776435896831812581
531369752928180886
312921174532517106
562171159204336012
