100
94 0 0
323 0 0
426 0 0
-489 0 0
509 0 0
-923 0 0
-717 0 0
747 0 0
-768 0 0
-62 0 0
223 0 0
446 0 0
-478 0 0
248 0 0
820 0 0
-726 0 0
-935 0 0
-477 0 0
118 0 0
538 0 0
-344 0 0
260 0 0
-215 0 0
259 0 0
-418 0 0
-61 0 0
-8 0 0
591 0 0
-699 0 0
-731 0 0
-418 0 0
990 0 0
95 0 0
-176 0 0
89 0 0
-302 0 0
-786 0 0
224 0 0
812 0 0
-290 0 0
-925 0 0
-897 0 0
-559 0 0
62 0 0
-828 0 0
594 0 0
-53 0 0
-760 0 0
51 0 0
-406 0 0
-510 0 0
276 0 0
728 0 0
486 0 0
488 0 0
-585 0 0
551 0 0
554 0 0
-988 0 0
274 0 0
-660 0 0
154 0 0
-952 0 0
272 0 0
-913 0 0
327 0 0
185 0 0
911 0 0
502 0 0
902 0 0
430 0 0
-70 0 0
-332 0 0
-63 0 0
-508 0 0
455 0 0
-931 0 0
609 0 0
-404 0 0
729 0 0
591 0 0
-133 0 0
220 0 0
-514 0 0
-407 0 0
-423 0 0
390 0 0
-82 0 0
618 0 0
456 0 0
327 0 0
911 0 0
557 0 0
-779 0 0
-238 0 0
47 0 0
453 0 0
50 0 0
47 0 0
14 0 0
-508 0 0
-835 0 0
581 0 0
-152 0 0
964 0 0
202 0 0
-945 0 0
137 0 0
450 0 0
211 0 0
-975 0 0
806 0 0
440 0 0
-707 0 0
-332 0 0
-445 0 0
-630 0 0
-353 0 0
-22 0 0
-419 0 0
14 0 0
-444 0 0
-39 0 0
201 0 0
318 0 0
-325 0 0
-638 0 0
958 0 0
180 0 0
-409 0 0
-20 0 0
-343 0 0
-630 0 0
-79 0 0
620 0 0
-866 0 0
-888 0 0
558 0 0
56 0 0
376 0 0
892 0 0
20 0 0
-472 0 0
342 0 0
-131 0 0
-479 0 0
408 0 0
-689 0 0
-993 0 0
834 0 0
241 0 0
69 0 0
-863 0 0
390 0 0
-761 0 0
23 0 0
-252 0 0
103 0 0
-233 0 0
672 0 0
-240 0 0
55 0 0
822 0 0
-584 0 0
5 0 0
259 0 0
229 0 0
-581 0 0
237 0 0
44 0 0
-504 0 0
534 0 0
-446 0 0
317 0 0
-651 0 0
457 0 0
-922 0 0
113 0 0
-722 0 0
-737 0 0
-797 0 0
381 0 0
-635 0 0
70 0 0
-619 0 0
863 0 0
-825 0 0
-404 0 0
800 0 0
-944 0 0
-899 0 0
-969 0 0
-786 0 0
744 0 0
-207 0 0
980 0 0
-791 0 0
-605 0 0
-560 0 0
-700 0 0
470 0 0
-948 0 0
-243 0 0
-241 0 0
-253 0 0
-154 0 0
553 0 0
373 0 0
265 0 0
750 0 0
7 0 0
166 0 0
892 0 0
40 0 0
413 0 0
-273 0 0
-126 0 0
-362 0 0
-630 0 0
70 0 0
-924 0 0
518 0 0
-143 0 0
-78 0 0
99 0 0
769 0 0
-654 0 0
527 0 0
-50 0 0
-218 0 0
555 0 0
-598 0 0
-772 0 0
-559 0 0
-331 0 0
-68 0 0
-869 0 0
-287 0 0
874 0 0
-243 0 0
793 0 0
561 0 0
123 0 0
-982 0 0
815 0 0
-108 0 0
-275 0 0
47 0 0
27 0 0
82 0 0
-694 0 0
109 0 0
-903 0 0
489 0 0
-700 0 0
8 0 0
-499 0 0
887 0 0
-924 0 0
13 0 0
-913 0 0
-78 0 0
-76 0 0
-801 0 0
-477 0 0
246 0 0
-192 0 0
800 0 0
-877 0 0
-972 0 0
215 0 0
404 0 0
416 0 0
-544 0 0
-439 0 0
-882 0 0
-737 0 0
89 0 0
834 0 0
-918 0 0
864 0 0
402 0 0
929 0 0
-76 0 0
287 0 0
-339 0 0
712 0 0
191 0 0
-244 0 0
-455 0 0
798 0 0
-105 0 0
-11 0 0
866 0 0
853 0 0
494 0 0
792 0 0
418 0 0
-386 0 0
347 0 0
