100
40
149481969 149481969 149481969 149481969 149481969 538725110 538725110 538725110 538725110 538725110 66157177 66157177 66157177 66157177 66157177 66157177 66157177 66157177 66157177 584248448 584248448 584248448 584248448 775988570 775988570 775988570 775988570 775988570 775988570 775988570 164704270 164704270 164704270 164704270 164704270 164704270 164704270 164704270 164704270 164704270
43
643972462 643972462 643972462 643972462 643972462 643972462 643972462 643972462 643972462 17112773 17112773 179370156 179370156 994840658 994840658 994840658 994840658 758569939 758569939 758569939 536688681 536688681 536688681 536688681 459998367 459998367 459998367 459998367 459998367 459998367 459998367 459998367 189811250 189811250 189811250 546258018 752081733 752081733 752081733 752081733 752081733 752081733 752081733
49
60215041 60215041 60215041 60215041 60215041 862241771 862241771 839178988 839178988 952534063 952534063 952534063 952534063 952534063 952534063 418598524 418598524 418598524 418598524 418598524 418598524 902029585 902029585 902029585 902029585 902029585 902029585 902029585 902029585 902029585 284267128 284267128 284267128 284267128 284267128 220667720 220667720 220667720 220667720 220667720 220667720 92432704 92432704 92432704 92432704 92432704 92432704 92432704 92432704
46
757015941 757015941 757015941 757015941 757015941 757015941 757015941 872365108 872365108 872365108 872365108 872365108 872365108 948283865 948283865 948283865 948283865 948283865 948283865 948283865 948283865 948283865 948283865 703262895 703262895 703262895 703262895 703262895 703262895 703262895 703262895 703262895 703262895 198127353 198127353 198127353 198127353 169008719 199568945 550319044 550319044 550319044 706393961 706393961 706393961 706393961
43
671610154 671610154 671610154 671610154 671610154 671610154 671610154 671610154 141111420 141111420 141111420 141111420 141111420 141111420 141111420 141111420 314626579 314626579 314626579 314626579 314626579 314626579 314626579 314626579 314626579 314626579 461241368 461241368 461241368 461241368 461241368 461241368 461241368 461241368 813477439 813477439 813477439 813477439 813477439 813477439 592743081 949044717 949044717
43
46352824 46352824 46352824 46352824 108487619 108487619 108487619 108487619 108487619 108487619 108487619 108487619 108487619 108487619 376875132 376875132 376875132 376875132 119982883 119982883 119982883 119982883 119982883 705539897 705539897 705539897 705539897 965607585 965607585 184412379 184412379 184412379 184412379 184412379 184412379 184412379 184412379 184412379 78272864 78272864 520425930 520425930 520425930
44
315346850 315346850 315346850 315346850 315346850 315346850 610414160 610414160 610414160 610414160 610414160 610414160 610414160 174924393 174924393 174924393 546336769 546336769 546336769 546336769 546336769 546336769 546336769 546336769 546336769 820146889 820146889 820146889 820146889 103444567 103444567 103444567 103444567 103444567 103444567 103444567 103444567 103444567 103444567 667748301 667748301 667748301 122551497 122551497
44
776492624 776492624 776492624 776492624 776492624 776492624 776492624 776492624 776492624 526624932 526624932 526624932 526624932 526624932 937573372 937573372 265919776 265919776 265919776 265919776 265919776 265919776 265919776 265919776 509761741 509761741 509761741 509761741 509761741 509761741 509761741 509761741 950249134 307716449 307716449 307716449 307716449 307716449 307716449 307716449 307716449 763125238 763125238 763125238
45
13713680 13713680 863207661 863207661 107172990 107172990 107172990 107172990 107172990 711885682 711885682 711885682 711885682 711885682 711885682 711885682 711885682 711885682 418999431 418999431 418999431 418999431 48506429 48506429 48506429 48506429 48506429 48506429 48506429 48506429 48506429 48506429 63533644 63533644 63533644 63533644 63533644 63533644 349276489 349276489 349276489 349276489 349276489 349276489 236183780
40
114825570 114825570 114825570 114825570 114825570 114825570 114825570 114825570 999485054 999485054 336769686 336769686 336769686 336769686 336769686 336769686 336769686 336769686 336769686 336769686 285825896 285825896 285825896 285825896 285825896 285825896 279750847 279750847 279750847 279750847 279750847 279750847 279750847 279750847 279750847 674811308 674811308 674811308 674811308 674811308
45
81404585 181598798 181598798 357859245 357859245 357859245 357859245 357859245 357859245 90286739 90286739 90286739 90286739 90286739 90286739 90286739 90286739 90286739 90286739 129098073 568877553 568877553 568877553 568877553 568877553 568877553 568877553 568877553 382157249 382157249 382157249 382157249 382157249 382157249 382157249 382157249 382157249 106658295 106658295 420207789 420207789 420207789 35796243 35796243 35796243
43
954557299 954557299 954557299 114956559 114956559 114956559 114956559 114956559 114956559 114956559 114956559 114956559 414041365 414041365 414041365 414041365 414041365 414041365 377188501 377188501 377188501 377188501 377188501 377188501 176045276 176045276 176045276 176045276 971776541 971776541 971776541 971776541 971776541 459425476 459425476 459425476 459425476 459425476 78436949 78436949 104874257 62302899 62302899
48
724118443 724118443 724118443 724118443 724118443 724118443 724118443 724118443 392340354 392340354 392340354 392340354 392340354 392340354 392340354 392340354 392340354 47436404 338848610 338848610 338848610 338848610 338848610 338848610 338848610 338848610 338848610 493939732 493939732 493939732 493939732 493939732 311443777 311443777 311443777 311443777 311443777 311443777 994575797 334104964 334104964 334104964 334104964 334104964 334104964 685500442 685500442 685500442
49
453376500 453376500 453376500 453376500 453376500 453376500 453376500 453376500 453376500 453376500 25099497 25099497 25099497 25099497 25099497 25099497 25099497 25099497 25099497 925179081 925179081 925179081 925179081 925179081 925179081 925179081 988729285 988729285 988729285 120150673 120150673 120150673 120150673 120150673 120150673 120150673 120150673 278308656 278308656 278308656 278308656 278308656 278308656 278308656 84520633 84520633 84520633 84520633 166661455
42
562261801 562261801 23349631 23349631 23349631 23349631 23349631 23349631 23349631 537256220 537256220 537256220 537256220 537256220 537256220 284723257 284723257 284723257 284723257 284723257 284723257 284723257 82320280 82320280 82320280 82320280 82320280 82320280 82320280 92009711 616216717 616216717 616216717 616216717 616216717 616216717 616216717 60979750 60979750 60979750 60979750 881633164
42
605863764 665797446 665797446 38082180 38082180 38082180 38082180 38082180 38082180 38082180 38082180 38082180 605813809 605813809 605813809 605813809 605813809 685311007 685311007 685311007 685311007 685311007 685311007 247502237 247502237 271645335 271645335 767325178 767325178 767325178 106737494 761862819 761862819 761862819 761862819 761862819 624174170 624174170 262296142 262296142 262296142 262296142
46
608980896 608980896 608980896 550383721 550383721 550383721 550383721 550383721 550383721 550383721 550383721 790138559 790138559 790138559 790138559 790138559 790138559 790138559 790138559 790138559 985668961 985668961 985668961 985668961 985668961 985668961 985668961 985668961 985668961 461659701 461659701 461659701 461659701 461659701 950338535 950338535 950338535 950338535 950338535 897806670 897806670 897806670 897806670 897806670 897806670 596964263
44
974935388 974935388 974935388 974935388 974935388 974935388 974935388 974935388 974935388 54562019 251405214 236616865 236616865 236616865 236616865 236616865 236616865 236616865 236616865 126986738 126986738 79116754 79116754 79116754 719053635 719053635 719053635 719053635 719053635 423422857 423422857 423422857 423422857 423422857 423422857 423422857 423422857 441018147 441018147 441018147 3914735 148558291 148558291 868745111
44
284567320 284567320 284567320 284567320 284567320 393942374 393942374 393942374 393942374 393942374 393942374 393942374 393942374 393942374 393942374 865198567 865198567 865198567 865198567 865198567 939618898 939618898 939618898 672115439 419443944 419443944 419443944 419443944 419443944 419443944 419443944 419443944 419443944 129533664 129533664 129533664 129533664 967559769 967559769 967559769 967559769 967559769 967559769 102541229
44
363912087 363912087 363912087 363912087 363912087 615897541 615897541 615897541 615897541 615897541 360269836 360269836 360269836 360269836 360269836 360269836 360269836 360269836 360269836 360269836 930159578 13911743 13911743 13911743 13911743 13911743 13911743 32931734 32931734 32931734 32931734 34657935 34657935 34657935 34657935 34657935 34657935 34657935 34657935 166553674 166553674 405206361 405206361 405206361
46
97134183 97134183 97134183 97134183 97134183 97134183 97134183 97134183 298686407 298686407 298686407 298686407 298686407 298686407 460444429 460444429 460444429 29251291 29251291 29251291 29251291 29251291 29251291 29251291 590767285 590767285 66834880 66834880 66834880 66834880 66834880 66834880 641295460 641295460 641295460 641295460 304789361 972585127 972585127 972585127 972585127 972585127 972585127 972585127 972585127 972585127
45
936614794 936614794 936614794 811429504 811429504 811429504 103729139 103729139 103729139 103729139 103729139 103729139 103729139 103729139 103729139 379476332 379476332 379476332 379476332 379476332 379476332 379476332 28354303 28354303 28354303 28354303 28354303 28354303 58932023 58932023 58932023 58932023 58932023 225495375 225495375 225495375 225495375 225495375 225495375 96534835 96534835 96534835 96534835 268149335 268149335
49
107819597 107819597 107819597 107819597 107819597 107819597 107819597 107819597 107819597 313534884 313534884 313534884 313534884 313534884 313534884 313534884 313534884 497008277 497008277 497008277 497008277 497008277 497008277 497008277 497008277 497008277 497008277 905175589 905175589 905175589 905175589 905175589 905175589 948609165 948609165 948609165 948609165 948609165 948609165 898537584 898537584 898537584 898537584 898537584 898537584 898537584 898537584 898537584 898537584
47
373510599 373510599 830511911 830511911 830511911 830511911 399573984 399573984 399573984 399573984 481793256 481793256 481793256 481793256 481793256 867852244 867852244 867852244 867852244 867852244 56022465 56022465 643869446 643869446 643869446 643869446 643869446 643869446 643869446 643869446 444378874 444378874 444378874 444378874 444378874 444378874 444378874 945266550 945266550 945266550 945266550 945266550 945266550 945266550 945266550 945266550 945266550
44
246252211 246252211 246252211 246252211 246252211 246252211 246252211 246252211 246252211 246252211 897650638 897650638 897650638 897650638 177843992 177843992 169651256 169651256 169651256 169651256 839916650 839916650 839916650 839916650 839916650 934699352 934699352 774190534 774190534 402208706 402208706 402208706 402208706 192288118 814728261 814728261 183294792 183294792 183294792 183294792 183294792 234140094 234140094 234140094
48
639594488 639594488 639594488 639594488 639594488 639594488 106370744 106370744 106370744 106370744 106370744 106370744 106370744 106370744 106370744 55267499 55267499 55267499 55267499 55267499 101424792 101424792 101424792 956033467 92783230 92783230 92783230 92783230 748481218 914511408 914511408 914511408 914511408 8091731 8091731 391053505 391053505 391053505 391053505 391053505 391053505 391053505 391053505 391053505 391053505 146215026 146215026 146215026
45
995517439 995517439 995517439 995517439 995517439 995517439 995517439 995517439 487955961 487955961 487955961 487955961 463333688 463333688 463333688 463333688 463333688 463333688 67318926 67318926 67318926 67318926 67318926 67318926 67318926 67318926 67318926 188935241 188935241 188935241 188935241 804345374 804345374 736825640 736825640 445815145 445815145 445815145 445815145 445815145 445815145 445815145 527577789 259214622 712620211
48
40916611 40916611 359072005 805513694 805513694 805513694 805513694 805513694 805513694 805513694 362068479 681713269 681713269 681713269 681713269 681713269 681713269 681713269 795159788 662725751 662725751 550027292 550027292 550027292 550027292 550027292 550027292 550027292 550027292 550027292 98157691 98157691 98157691 305642738 305642738 305642738 305642738 305642738 692761304 692761304 692761304 692761304 692761304 692761304 692761304 692761304 692761304 458462466
44
187574285 187574285 187574285 187574285 187574285 187574285 187574285 187574285 52553562 52553562 407873118 407873118 407873118 280725465 280725465 280725465 280725465 280725465 280725465 280725465 280725465 167906027 167906027 167906027 408735344 408735344 408735344 408735344 408735344 408735344 408735344 408735344 408735344 408735344 179420715 755867757 755867757 755867757 64514621 64514621 64514621 932513073 932513073 932513073
42
376848582 376848582 376848582 376848582 376848582 376848582 226939464 226939464 226939464 226939464 226939464 937480305 937480305 937480305 937480305 937480305 937480305 937480305 937480305 305029587 305029587 305029587 305029587 305029587 305029587 305029587 421078716 421078716 421078716 421078716 421078716 204422392 204422392 204422392 204422392 204422392 204422392 204422392 204422392 204422392 523092336 523092336
43
154192627 154192627 154192627 904841582 904841582 904841582 904841582 281388381 281388381 281388381 281388381 281388381 281388381 781320216 781320216 781320216 781320216 771917568 771917568 771917568 754121074 340781474 340781474 340781474 9029032 9029032 9029032 9029032 9029032 9029032 9029032 9029032 9029032 163318918 163318918 163318918 163318918 163318918 163318918 163318918 163318918 163318918 921990377
48
52623681 52623681 518635224 518635224 518635224 518635224 518635224 518635224 518635224 518635224 518635224 118473264 616802286 616802286 616802286 616802286 616802286 616802286 736071642 736071642 736071642 736071642 736071642 736071642 802264838 802264838 802264838 802264838 49089396 49089396 49089396 49089396 860090783 860090783 860090783 860090783 860090783 629736852 629736852 56703775 56703775 56703775 56703775 881972838 881972838 881972838 23996123 23996123
45
917941366 699523701 699523701 699523701 699523701 699523701 699523701 699523701 699523701 699523701 326750670 326750670 326750670 326750670 326750670 441256813 441256813 441256813 441256813 662035754 113037609 113037609 991642184 991642184 991642184 991642184 991642184 991642184 991642184 991642184 991642184 991642184 971695029 971695029 971695029 971695029 971695029 971695029 971695029 971695029 971695029 971695029 874727558 874727558 874727558
45
90808284 90808284 90808284 971588371 971588371 971588371 971588371 971588371 971588371 971588371 432480756 432480756 432480756 432480756 432480756 432480756 432480756 432480756 704246738 945087183 945087183 945087183 945087183 945087183 197001851 197001851 953541999 953541999 953541999 953541999 953541999 953541999 953541999 906772425 906772425 906772425 906772425 321815163 321815163 321815163 321815163 520808149 40810668 755748235 755748235
45
66077993 66077993 66077993 66077993 206866461 206866461 206866461 209737849 969951103 969951103 969951103 969951103 969951103 969951103 969951103 969951103 969951103 392859184 392859184 392859184 392859184 392859184 216208210 216208210 216208210 216208210 216208210 216208210 216208210 216208210 972678126 972678126 972678126 972678126 972678126 972678126 972678126 340912668 340912668 340912668 340912668 340912668 802303208 534311132 844556624
50
624173368 624173368 624173368 624173368 624173368 624173368 624173368 624173368 624173368 634786995 634786995 634786995 634786995 634786995 634786995 634786995 634786995 634786995 569585377 569585377 569585377 748619894 748619894 748619894 748619894 200648646 200648646 200648646 200648646 200648646 200648646 200648646 200648646 200648646 30928317 30928317 30928317 30928317 339590083 178342198 178342198 178342198 178342198 178342198 921696393 921696393 921696393 921696393 7803301 7803301
44
306273883 306273883 306273883 306273883 491253144 222636282 222636282 222636282 222636282 222636282 222636282 222636282 222636282 80354657 80354657 80354657 80354657 80354657 80354657 261602170 261602170 261602170 261602170 261602170 261602170 261602170 261602170 960849169 201526770 201526770 201526770 439883093 439883093 439883093 439883093 439883093 439883093 439883093 602862912 602862912 216042555 216042555 654129139 874743568
46
81670675 81670675 81670675 81670675 421593739 421593739 421593739 421593739 514372272 514372272 785993834 785993834 785993834 785993834 785993834 785993834 785993834 785993834 785993834 785993834 895389060 895389060 895389060 895389060 805401004 805401004 805401004 878416740 878416740 878416740 988386190 66451048 66451048 66451048 66451048 635654777 635654777 511977823 511977823 511977823 511977823 511977823 511977823 605720499 163524511 13268534
40
224217788 224217788 224217788 224217788 224217788 224217788 186640267 186640267 186640267 186640267 186640267 186640267 985857961 985857961 113553028 113553028 113553028 113553028 113553028 113553028 639919768 639919768 639919768 639919768 639919768 639919768 701563528 468731968 468731968 468731968 468731968 468731968 97048955 97048955 97048955 97048955 97048955 792466474 703418902 341917554
45
966365196 966365196 966365196 966365196 966365196 966365196 959532940 959532940 959532940 959532940 959532940 959532940 959532940 24035416 24035416 24035416 873880124 873880124 634264698 634264698 459485872 459485872 719205144 719205144 719205144 719205144 719205144 856985759 856985759 856985759 856985759 856985759 727022055 727022055 727022055 727022055 727022055 727022055 727022055 727022055 581316846 581316846 659009203 659009203 659009203
41
549382615 549382615 549382615 946230953 946230953 946230953 946230953 946230953 946230953 946230953 946230953 946230953 946230953 384145081 24155530 24155530 552792731 552792731 552792731 785436502 785436502 828659979 828659979 828659979 828659979 828659979 828659979 828659979 828659979 616835212 616835212 616835212 616835212 616835212 361676534 361676534 361676534 361676534 361676534 361676534 946943022
45
314514089 314514089 314514089 314514089 314514089 314514089 314514089 314514089 598350795 76684472 76684472 76684472 76684472 76684472 76684472 76684472 76684472 76684472 223800315 223800315 223800315 223800315 223800315 223800315 223800315 54788603 54788603 54788603 54788603 54788603 54788603 54788603 54788603 623840503 623840503 930145328 930145328 930145328 930145328 930145328 930145328 930145328 930145328 133215415 133215415
5
2 3 3 4 3
47
646352458 646352458 646352458 646352458 646352458 646352458 646352458 929245636 929245636 786272231 9080025 9080025 9080025 9080025 9080025 9080025 9080025 9080025 9080025 573528370 573528370 573528370 573528370 573528370 573528370 573528370 573528370 573528370 901715315 22153220 22153220 22153220 22153220 22153220 22153220 146558848 146558848 146558848 146558848 146558848 146558848 146558848 300655585 300655585 300655585 300655585 300655585
43
949503551 949503551 949503551 949503551 949503551 949503551 949503551 949503551 949503551 949503551 357006281 357006281 357006281 357006281 357006281 357006281 357006281 655037311 655037311 655037311 655037311 655037311 655037311 936012196 936012196 936012196 936012196 936012196 936012196 936012196 936012196 936012196 936012196 305127672 305127672 305127672 305127672 594878296 594878296 594878296 594878296 392930617 548327954
41
877003039 877003039 877003039 877003039 877003039 877003039 877003039 176368120 176368120 176368120 176368120 176368120 176368120 176368120 957179944 957179944 7464592 7464592 7464592 494468446 494468446 494468446 494468446 494468446 494468446 320610713 320610713 320610713 320610713 320610713 320610713 860054018 860054018 860054018 860054018 860054018 860054018 860054018 860054018 860054018 860054018
43
637853717 637853717 637853717 637853717 637853717 637853717 637853717 637853717 637853717 571190958 135120646 135120646 135120646 135120646 135120646 135120646 135120646 135120646 135120646 130410900 130410900 6883349 6883349 80080176 80080176 80080176 80080176 80080176 80080176 80080176 80080176 80080176 244348500 44319116 44319116 44319116 44319116 44319116 44319116 44319116 44319116 44319116 44319116
44
221112672 221112672 221112672 221112672 221112672 221112672 221112672 221112672 221112672 221112672 550106607 550106607 550106607 550106607 550106607 961799403 961799403 961799403 137191192 701526702 273795208 273795208 273795208 273795208 273795208 273795208 422522416 422522416 422522416 267884209 267884209 267884209 267884209 458659361 646144705 646144705 646144705 74297764 813283320 813283320 71414019 71414019 71414019 71414019
41
32302003 32302003 32302003 32302003 32302003 976430569 976430569 976430569 976430569 976430569 976430569 976430569 976430569 976430569 469779195 469779195 469779195 469779195 469779195 469779195 469779195 469779195 469779195 469779195 767942043 767942043 767942043 767942043 767942043 767942043 767942043 767942043 767942043 767942043 933132008 933132008 933132008 933132008 933132008 933132008 933132008
44
854564961 854564961 854564961 854564961 854564961 41687698 41687698 41687698 41687698 41687698 41687698 41687698 41687698 41687698 51162117 220444960 220444960 220444960 220444960 220444960 220444960 220444960 220444960 220444960 220444960 141150455 141150455 141150455 141150455 141150455 141150455 141150455 141150455 141150455 141150455 271919120 271919120 271919120 271919120 271919120 271919120 271919120 979116800 979116800
40
28286785 28286785 28286785 28286785 342766843 342766843 342766843 342766843 479959735 479959735 479959735 479959735 479959735 479959735 795825869 795825869 795825869 168910127 168910127 168910127 168910127 168910127 168910127 168910127 168910127 168910127 272938619 272938619 272938619 272938619 272938619 821140794 821140794 821140794 24355068 24355068 24355068 24355068 24355068 24355068
41
288368979 288368979 288368979 288368979 288368979 288368979 288368979 288368979 288368979 887385000 887385000 887385000 887385000 887385000 887385000 887385000 887385000 821701768 821701768 821701768 821701768 821701768 821701768 664634773 664634773 664634773 664634773 664634773 664634773 664634773 664634773 281405798 281405798 281405798 281405798 281405798 893830447 49875249 286634465 679083226 979789013
50
807942990 807942990 807942990 807942990 807942990 807942990 418860339 418860339 418860339 418860339 130942183 130942183 130942183 153312937 153312937 153312937 153312937 561493762 561493762 561493762 834994360 834994360 834994360 834994360 834994360 834994360 834994360 834994360 103711052 103711052 103711052 103711052 103711052 103711052 103711052 103711052 103711052 179498167 179498167 179498167 179498167 179498167 179498167 567950203 520315988 520315988 520315988 520315988 520315988 275954633
49
260911056 260911056 260911056 42482606 42482606 42482606 42482606 42482606 42482606 42482606 42482606 42482606 767955200 767955200 767955200 767955200 642212488 642212488 642212488 642212488 642212488 642212488 642212488 642212488 642212488 642212488 911168730 911168730 911168730 429897927 429897927 429897927 429897927 429897927 692602754 692602754 692602754 692602754 692602754 692602754 692602754 692602754 692602754 932931888 932931888 119032957 119032957 133680962 133680962
41
922731225 922731225 922731225 922731225 922731225 922731225 922731225 567296618 567296618 567296618 567296618 567296618 567296618 567296618 567296618 992795552 992795552 992795552 992795552 992795552 347314821 347314821 347314821 347314821 347314821 347314821 347314821 347314821 347314821 347314821 586442756 586442756 586442756 586442756 586442756 586442756 941180444 941180444 941180444 121669724 622542723
44
901901074 901901074 901901074 901901074 901901074 901901074 901901074 901901074 649310284 649310284 48375306 48375306 48375306 48375306 48375306 48375306 48375306 706974958 706974958 706974958 706974958 418919906 418919906 418919906 418919906 418919906 654327673 654327673 654327673 654327673 654327673 450032937 450032937 394541251 394541251 394541251 394541251 394541251 394541251 394541251 394541251 470820276 102649374 102649374
44
434357584 434357584 434357584 434357584 40304304 40304304 40304304 40304304 40304304 40304304 40304304 40304304 40304304 40304304 207378025 207378025 207378025 207378025 207378025 207378025 207378025 207378025 207378025 599662073 599662073 269467083 269467083 269467083 269467083 269467083 269467083 714568085 522880563 522880563 522880563 522880563 522880563 522880563 371022022 371022022 371022022 371022022 371022022 371022022
45
245313975 245313975 245313975 245313975 245313975 245313975 245313975 245313975 74662187 74662187 74662187 509318038 509318038 509318038 509318038 509318038 145938972 145938972 145938972 145938972 145938972 145938972 820037761 820037761 820037761 820037761 820037761 820037761 820037761 820037761 820037761 820037761 557003974 842830805 842830805 842830805 842830805 842830805 842830805 842830805 690862653 690862653 690862653 690862653 690862653
49
587363622 587363622 587363622 587363622 587363622 587363622 587363622 587363622 97698904 97698904 97698904 97698904 97698904 97698904 97698904 97698904 97698904 425835830 425835830 425835830 425835830 425835830 425835830 425835830 425835830 375384522 375384522 375384522 375384522 375384522 375384522 375384522 345557977 345557977 345557977 345557977 345557977 345557977 345557977 345557977 345557977 447318710 447318710 447318710 447318710 447318710 447318710 405775519 405775519
8
3 4 1 4 2 5 3 1
45
362101754 362101754 842732886 215273448 215273448 215273448 215273448 215273448 215273448 363242332 363242332 363242332 363242332 363242332 363242332 363242332 406329849 652498363 652498363 652498363 60783258 60783258 60783258 60783258 60783258 869544269 869544269 869544269 869544269 869544269 869544269 657198012 205041814 205041814 205041814 205041814 205041814 205041814 205041814 205041814 205041814 205041814 169246342 169246342 258402668
48
808092867 846042075 846042075 596889694 596889694 596889694 596889694 848516264 848516264 848516264 848516264 848516264 848516264 848516264 848516264 848516264 342623787 342623787 342623787 342623787 342623787 342623787 710819490 710819490 710819490 710819490 710819490 710819490 710819490 109186224 109186224 109186224 109186224 109186224 109186224 109186224 147564396 149656688 149656688 149656688 149656688 149656688 149656688 149656688 149656688 949977963 3980950 818126291
45
875892513 875892513 875892513 620182137 620182137 620182137 620182137 620182137 620182137 620182137 620182137 770053913 770053913 770053913 770053913 702066091 702066091 702066091 702066091 702066091 702066091 374878475 374878475 374878475 374878475 374878475 398554890 398554890 398554890 398554890 857393986 857393986 857393986 857393986 857393986 857393986 857393986 857393986 857393986 857393986 47135182 764031036 967778082 22450057 980394869
50
254145431 254145431 254145431 254145431 254145431 254145431 254145431 254145431 254145431 9391875 9391875 9391875 9391875 9391875 9391875 9391875 9391875 995611785 995611785 995611785 995611785 995611785 995611785 995611785 995611785 995611785 995611785 829072169 829072169 829072169 829072169 829072169 829072169 300297567 300297567 300297567 300297567 300297567 300297567 650830821 650830821 650830821 650830821 650830821 650830821 650830821 869449427 869449427 236551427 236551427
4
1 5 3 1
40
899939859 899939859 899939859 899939859 899939859 899939859 434134818 434134818 237165640 237165640 237165640 237165640 237165640 452704432 452704432 807733832 807733832 807733832 807733832 807733832 954695852 954695852 954695852 954695852 954695852 954695852 954695852 954695852 954695852 954695852 854534702 854534702 854534702 854534702 854534702 854534702 854534702 854534702 854534702 994230433
43
987995569 987995569 987995569 987995569 987995569 224809314 224809314 224809314 224809314 224809314 224809314 224809314 702946841 177507598 177507598 177507598 177507598 177507598 177507598 177507598 177507598 177507598 489093626 67773729 67773729 67773729 67773729 67773729 529676384 529676384 529676384 529676384 529676384 529676384 529676384 441140038 441140038 441140038 441140038 441140038 441140038 441140038 441140038
48
426429098 426429098 426429098 426429098 282636113 282636113 94639929 94639929 94639929 94639929 94639929 94639929 94639929 94639929 166608844 166608844 828303345 828303345 828303345 828303345 828303345 828303345 828303345 711653468 778494165 778494165 778494165 778494165 778494165 778494165 778494165 778494165 350668291 350668291 619667987 619667987 619667987 77335602 77335602 77335602 77335602 77335602 77335602 77335602 77335602 77335602 77335602 550783014
50
75615724 75615724 75615724 75615724 75615724 75615724 75615724 75615724 75615724 752351727 752351727 752351727 752351727 752351727 752351727 752351727 752351727 779983536 779983536 779983536 779983536 779983536 779983536 779983536 779983536 779983536 751114919 751114919 751114919 751114919 751114919 751114919 751114919 751114919 751114919 751114919 18251300 18251300 18251300 18251300 371002741 371002741 973563227 973563227 973563227 973563227 973563227 112922363 112922363 112922363
47
182831038 182831038 182831038 182831038 182831038 182831038 182831038 182831038 182831038 182831038 634148907 634148907 634148907 634148907 634148907 634148907 117647866 117647866 117647866 117647866 117647866 117647866 117647866 700133023 700133023 700133023 700133023 700133023 700133023 700133023 700133023 700133023 700133023 691277914 843603638 843603638 843603638 843603638 843603638 843603638 843603638 843603638 843603638 300284573 895007808 503261036 785874067
44
218810703 218810703 218810703 218810703 218810703 218810703 218810703 218810703 218810703 941378840 941378840 941378840 941378840 941378840 941378840 941378840 485802520 485802520 485802520 485802520 485802520 485802520 485802520 485802520 485802520 11725985 11725985 11725985 11725985 11725985 11725985 911924359 911924359 911924359 911924359 911924359 911924359 15507981 20236302 20236302 20236302 30259806 30259806 793613621
45
643854053 643854053 643854053 643854053 643854053 643854053 643854053 643854053 411607763 411607763 411607763 341398643 341398643 341398643 341398643 341398643 341398643 341398643 341398643 341398643 341398643 352070071 352070071 352070071 352070071 352070071 857831087 857831087 857831087 857831087 857831087 857831087 857831087 955323797 453334605 453334605 453334605 453334605 453334605 453334605 876948024 876948024 756975758 756975758 321770743
4
2 2 3 3
45
347914664 347914664 347914664 253392593 253392593 253392593 253392593 253392593 253392593 135407493 135407493 135407493 135407493 135407493 135407493 135407493 454171318 454171318 454171318 454171318 454171318 454171318 71899884 71899884 71899884 33197895 33197895 33197895 33197895 33197895 33197895 33197895 33197895 33197895 33197895 932499371 932499371 932499371 932499371 932499371 932499371 932499371 125921860 464461730 464461730
43
393092473 393092473 393092473 393092473 393092473 393092473 348853958 348853958 348853958 348853958 348853958 348853958 274475452 274475452 274475452 274475452 274475452 285334076 285334076 285334076 285334076 285334076 804836246 804836246 72935914 72935914 72935914 72935914 72935914 72935914 865216316 865216316 737604402 632534657 632534657 632534657 632534657 632534657 632534657 942733416 8123334 8123334 900107060
48
274426648 274426648 274426648 274426648 274426648 274426648 274426648 274426648 274426648 745024421 745024421 745024421 745024421 745024421 745024421 745024421 745024421 745024421 526029086 526029086 526029086 526029086 957975763 957975763 957975763 602202713 487870949 487870949 487870949 487870949 487870949 487870949 487870949 487870949 487870949 487870949 724523076 724523076 724523076 724523076 724523076 724523076 724523076 724523076 724523076 724523076 485510389 92788085
50
366459926 366459926 366459926 366459926 101321905 101321905 101321905 101321905 101321905 101321905 101321905 101321905 101321905 584151211 64347329 64347329 64347329 64347329 64347329 64347329 64347329 64347329 462498025 462498025 462498025 462498025 462498025 462498025 462498025 462498025 256059786 256059786 256059786 256059786 256059786 256059786 256059786 256059786 256059786 256059786 790098376 790098376 790098376 790098376 790098376 721961169 721961169 721961169 721961169 721961169
44
115784281 115784281 308121446 308121446 308121446 308121446 308121446 308121446 308121446 308121446 308121446 753874700 753874700 753874700 15417513 15417513 535695121 535695121 535695121 535695121 367981451 367981451 367981451 367981451 367981451 367981451 367981451 367981451 367981451 367981451 307064781 307064781 799560220 766250177 766250177 766250177 766250177 766250177 621348475 621348475 621348475 621348475 621348475 78759520
50
703967988 703967988 703967988 703967988 703967988 703967988 703967988 762219886 762219886 762219886 762219886 762219886 762219886 762219886 762219886 762219886 762219886 719322083 719322083 719322083 260114732 260114732 260114732 39694609 39694609 39694609 39694609 39694609 39694609 39694609 39694609 39694609 62783690 154046917 154046917 154046917 154046917 154046917 154046917 154046917 154046917 41740690 41740690 41740690 279442115 279442115 279442115 279442115 279442115 279442115
45
83054416 83054416 4358573 4358573 4358573 550730323 341991636 341991636 341991636 341991636 341991636 341991636 341991636 740061956 740061956 740061956 740061956 740061956 740061956 253837314 253837314 253837314 253837314 261790239 261790239 261790239 261790239 261790239 261790239 261790239 261790239 261790239 261790239 196712512 196712512 196712512 196712512 196712512 196712512 196712512 196712512 196712512 192034584 192034584 26194568
46
302523990 302523990 302523990 302523990 302523990 302523990 302523990 81512574 81512574 81512574 81512574 81512574 81512574 81512574 288043434 288043434 288043434 288043434 288043434 288043434 288043434 288043434 3566437 3566437 3566437 439731223 439731223 439731223 439731223 173876603 173876603 173876603 173876603 173876603 541186215 541186215 541186215 541186215 20198542 20198542 696165494 777492485 777492485 777492485 777492485 777492485
48
670770294 670770294 670770294 670770294 670770294 670770294 670770294 256926002 256926002 256926002 256926002 256926002 256926002 256926002 256926002 256926002 256926002 3101870 3101870 3101870 3101870 326805999 326805999 326805999 326805999 326805999 15774672 15774672 640430746 640430746 640430746 640430746 199913089 199913089 199913089 199913089 199913089 199913089 199913089 843699954 843699954 843699954 843699954 843699954 271454446 271454446 29479761 440592364
43
270709224 705433797 705433797 705433797 171433907 171433907 171433907 171433907 171433907 171433907 171433907 171433907 171433907 171433907 285234337 285234337 285234337 285234337 285234337 285234337 285234337 29468658 29468658 29468658 29468658 29468658 29468658 29468658 591682870 591682870 591682870 591682870 591682870 591682870 151203438 151203438 151203438 151203438 151203438 151203438 151203438 230034201 230034201
48
554434468 554434468 554434468 554434468 554434468 554434468 554434468 554434468 554434468 465840295 465840295 465840295 465840295 465840295 465840295 465840295 465840295 465840295 465840295 270430797 270430797 270430797 270430797 270430797 270430797 270430797 270430797 270430797 270430797 181536573 181536573 181536573 181536573 181536573 181536573 53450564 53450564 85179204 85179204 85179204 85179204 85179204 85179204 85179204 85179204 266925309 266925309 13442729
47
793364854 793364854 793364854 793364854 47492880 47492880 47492880 47492880 47492880 47492880 47492880 47492880 97799418 97799418 97799418 85526277 85526277 85526277 85526277 85526277 85526277 85526277 608195406 608195406 608195406 608195406 608195406 608195406 608195406 545117781 545117781 294023966 294023966 294023966 294023966 294023966 294023966 294023966 144248925 144248925 144248925 144248925 144248925 144248925 144248925 144248925 144248925
3
233 233 233
42
363446085 363446085 363446085 363446085 363446085 363446085 363446085 461496330 461496330 461496330 461496330 461496330 461496330 461496330 461496330 46978001 46978001 46978001 46978001 46978001 46978001 46978001 46978001 735125126 735125126 735125126 735125126 735125126 735125126 735125126 735125126 735125126 735125126 774976428 774976428 774976428 774976428 774976428 774976428 746991317 287742544 89137651
45
369026678 369026678 369026678 369026678 369026678 57746288 57746288 57746288 57746288 57746288 2411539 2411539 274422698 274422698 274422698 274422698 274422698 274422698 274422698 555393612 506054238 506054238 506054238 506054238 347569567 347569567 347569567 347569567 347569567 347569567 347569567 537316789 537316789 537316789 537316789 537316789 537316789 537316789 537316789 537316789 294635679 294635679 294635679 620753259 496460818
48
506506553 506506553 506506553 506506553 506506553 506506553 506506553 506506553 506506553 700834795 700834795 700834795 700834795 700834795 700834795 700834795 700834795 700834795 700834795 716598543 716598543 716598543 716598543 716598543 716598543 716598543 716598543 896646605 896646605 896646605 896646605 911577811 911577811 911577811 137764430 617852144 617852144 617852144 617852144 617852144 617852144 617852144 617852144 617852144 617852144 530300253 31869514 31869514
46
902595626 902595626 902595626 902595626 902595626 902595626 902595626 902595626 902595626 902595626 82358092 82358092 82358092 82358092 82358092 82358092 82358092 82358092 731775109 156007750 156007750 156007750 156007750 156007750 156007750 510874768 510874768 510874768 510874768 510874768 510874768 510874768 544430578 544430578 544430578 544430578 544430578 563898672 563898672 563898672 563898672 563898672 126573432 66129037 66129037 512060661
50
161947546 161947546 161947546 161947546 306194532 306194532 306194532 306194532 306194532 306194532 306194532 306194532 306194532 487623409 955321080 955321080 955321080 955321080 955321080 955321080 955321080 955321080 955321080 955321080 533396081 533396081 533396081 965255336 965255336 965255336 965255336 965255336 965255336 965255336 965255336 965255336 425397301 425397301 425397301 803190032 10050852 10050852 10050852 10050852 10050852 10050852 10050852 10050852 10050852 10050852
44
243599384 243599384 243599384 243599384 243599384 243599384 243599384 243599384 243599384 189299128 189299128 189299128 189299128 189299128 189299128 189299128 39275320 39275320 39275320 39275320 39275320 39275320 39275320 39275320 39275320 506993381 506993381 506993381 506993381 506993381 506993381 506993381 343425164 343425164 343425164 343425164 233248755 233248755 233248755 233248755 233248755 354817016 123383680 123383680
49
496927883 496927883 496927883 496927883 496927883 496927883 496927883 496927883 496927883 666704048 666704048 666704048 666704048 666704048 666704048 666704048 666704048 666704048 60370578 60370578 60370578 60370578 60370578 60370578 60370578 60370578 60370578 439319076 439319076 439319076 439319076 439319076 439319076 439319076 439319076 439319076 274682538 274682538 274682538 274682538 274682538 274682538 825924666 363007113 16094033 16094033 16094033 16094033 947931757
43
763741435 763741435 763741435 763741435 763741435 763741435 763741435 763741435 763741435 667109487 667109487 667109487 667109487 667109487 667109487 667109487 667109487 667109487 667109487 503867529 776546970 776546970 776546970 776546970 776546970 776546970 776546970 602308335 602308335 602308335 274047209 274047209 274047209 274047209 274047209 274047209 274047209 274047209 263341461 263341461 263341461 263341461 263341461
1
233
41
861843422 861843422 861843422 995218288 995218288 995218288 995218288 995218288 995218288 995218288 995218288 344175204 487784521 487784521 487784521 487784521 487784521 487784521 880442605 880442605 929801667 929801667 929801667 929801667 929801667 959143546 959143546 959143546 959143546 959143546 959143546 959143546 959143546 481772780 481772780 481772780 481772780 481772780 537048757 537048757 817488888
46
790839887 790839887 790839887 790839887 790839887 790839887 790839887 790839887 790839887 32577185 32577185 61574610 61574610 61574610 136865114 136865114 769985100 769985100 769985100 769985100 769985100 769985100 769985100 769985100 56509394 56509394 56509394 739303668 739303668 739303668 739303668 62286176 62286176 206560430 206560430 206560430 206560430 209613261 209613261 209613261 209613261 209613261 209613261 209613261 109722379 109722379
50
978499088 978499088 813636078 813636078 813636078 813636078 560045689 226769805 428715147 428715147 428715147 428715147 219667367 27044286 27044286 27044286 27044286 27044286 27044286 27044286 313815063 313815063 313815063 313815063 313815063 313815063 313815063 313815063 341938168 341938168 341938168 341938168 355071471 355071471 355071471 355071471 355071471 355071471 355071471 355071471 355071471 355071471 365392758 365392758 365392758 365392758 365392758 365392758 487862390 825360705
40
38020943 38020943 38020943 38020943 38020943 38020943 38020943 38020943 156370039 156370039 156370039 156370039 794523435 794523435 794523435 794523435 794523435 794523435 794523435 769619810 769619810 769619810 769619810 769619810 769619810 628223550 628223550 628223550 628223550 628223550 16538228 16538228 72187634 72187634 609552226 609552226 69777794 69777794 117677803 117822240
49
722780119 722780119 722780119 722780119 722780119 722780119 722780119 722780119 722780119 722780119 971961896 971961896 115917620 115917620 115917620 115917620 115917620 377629927 377629927 377629927 377629927 377629927 377629927 377629927 276498109 276498109 276498109 276498109 276498109 276498109 276498109 276498109 86858074 86858074 86858074 86858074 86858074 86858074 86858074 86858074 215278876 215278876 215278876 215278876 215278876 215278876 215278876 215278876 215278876
